====================================================================================================
run_start_time: 2026-05-02 00:32:24
script: run_nerf_ranksched.py
expname: hotdog_aux-sign-auto-cos-inc_100k_muonlr0p0006646271_adam0p0022543468_decay337_trial010
dataset_type: blender
datadir: ./data/nerf_synthetic/hotdog
resume_start_step: 0
optimizer_setup:
  optimizer_main: Muon
  muon_lr_init: 0.0006646271302500596
  muon_weight_decay: 0.0
  muon_momentum: 0.9
  optimizer_aux: Adam
  aux_adam_lr_init: 0.002254346836116652
  aux_adam_betas: (0.9, 0.999)
  lrate_decay_ksteps: 337
  muon_tensor_count: 48
  muon_total_params: 1191688
scheduler_setup:
  scheduler_name: rank_wsd
  warmup_steps: 1000
  min_lr_ratio: 0.1
  decay_start_step: 80000
train_psnr_log:
  lowrank_schedule:
    rank_start: 150
    rank_end: 250
    schedule: cosine_increase_closed_form
    schedule_steps: 80000
    oversample: 4
    subspace_iters: 1
    ns_steps: 0
    scale_mode: default
  lowrank_auto_init_start:
    enabled: True
    probe_steps: 8
    energy_tau: 0.999
    round_multiple: 8
iter=2000 global_step=1999 loss=0.0193084404 psnr=20.163174 muon_lr=6.64627130e-04 adam_lr=2.25434684e-03 muon_rank=250 muon_target_rank=250 muon_method=cosine_inc_auto_start
iter=4000 global_step=3999 loss=0.0041709389 psnr=27.380821 muon_lr=6.64627130e-04 adam_lr=2.25434684e-03 muon_rank=250 muon_target_rank=250 muon_method=cosine_inc_auto_start
iter=6000 global_step=5999 loss=0.0046250140 psnr=27.019844 muon_lr=6.64627130e-04 adam_lr=2.25434684e-03 muon_rank=250 muon_target_rank=250 muon_method=cosine_inc_auto_start
iter=8000 global_step=7999 loss=0.0025484532 psnr=29.867456 muon_lr=6.64627130e-04 adam_lr=2.25434684e-03 muon_rank=250 muon_target_rank=250 muon_method=cosine_inc_auto_start
iter=10000 global_step=9999 loss=0.0028864609 psnr=28.576370 muon_lr=6.64627130e-04 adam_lr=2.25434684e-03 muon_rank=250 muon_target_rank=250 muon_method=cosine_inc_auto_start
iter=12000 global_step=11999 loss=0.0026478153 psnr=29.935476 muon_lr=6.64627130e-04 adam_lr=2.25434684e-03 muon_rank=250 muon_target_rank=250 muon_method=cosine_inc_auto_start
iter=14000 global_step=13999 loss=0.0015478386 psnr=33.087429 muon_lr=6.64627130e-04 adam_lr=2.25434684e-03 muon_rank=250 muon_target_rank=250 muon_method=cosine_inc_auto_start
iter=16000 global_step=15999 loss=0.0025935096 psnr=30.332191 muon_lr=6.64627130e-04 adam_lr=2.25434684e-03 muon_rank=250 muon_target_rank=250 muon_method=cosine_inc_auto_start
iter=18000 global_step=17999 loss=0.0017646902 psnr=32.554230 muon_lr=6.64627130e-04 adam_lr=2.25434684e-03 muon_rank=250 muon_target_rank=250 muon_method=cosine_inc_auto_start
iter=20000 global_step=19999 loss=0.0015116996 psnr=32.865253 muon_lr=6.64627130e-04 adam_lr=2.25434684e-03 muon_rank=250 muon_target_rank=250 muon_method=cosine_inc_auto_start
iter=22000 global_step=21999 loss=0.0019245059 psnr=31.256004 muon_lr=6.64627130e-04 adam_lr=2.25434684e-03 muon_rank=250 muon_target_rank=250 muon_method=cosine_inc_auto_start
iter=24000 global_step=23999 loss=0.0016508711 psnr=32.388969 muon_lr=6.64627130e-04 adam_lr=2.25434684e-03 muon_rank=250 muon_target_rank=250 muon_method=cosine_inc_auto_start
iter=26000 global_step=25999 loss=0.0015548212 psnr=32.217205 muon_lr=6.64627130e-04 adam_lr=2.25434684e-03 muon_rank=250 muon_target_rank=250 muon_method=cosine_inc_auto_start
